0.132753
0.236627
0.305966
0.242180
0.615848
0.480021
0.153592
0.354229
0.365068
0.265058
0.396690
0.102247
0.188795
0.294299
0.453664
0.432111
0.394691
0.558805
0.232419
0.421683
0.380830
0.370460
0.215583
0.501295
0.174198
0.272350
0.416525
0.250211
0.638624
0.438149
0.352351
0.604103
0.224055
0.380368
0.244657
0.148375
0.685875
0.226286
0.325912
0.460009
0.192674
0.592925
0.105816
0.168646
0.612542
0.299847
0.645998
0.698738
0.685403
0.394871
0.277203
0.291081
0.248223
0.411394
0.644228
0.311834
0.416151
0.339468
0.350204
0.128453
0.524651
0.143220
0.340290
0.603074
0.550637
0.473129
0.392810
0.584369
0.299937
0.217907
0.187191
0.620840
0.504158
0.636157
0.510219
0.553407
0.554929
0.267102
0.284329
0.657521
0.529902
0.380800
0.212843
0.592107
0.586291
0.474797
0.464431
0.614711
0.420820
0.399440
0.243630
0.448267
0.263751
0.654350
0.434789
0.134410
0.523669
0.427274
0.312999
0.343591
0.654175
0.698803
0.470003
0.603955
0.279076
0.324629
0.665975
0.254030
0.424794
0.357004
0.164125
0.164604
0.485770
0.312880
0.699107
0.195326
0.435931
0.304749
0.477476
0.279279
0.268283
0.685794
0.226554
0.396344
0.194810
0.260169
0.633131
0.132843
0.442893
0.393949
0.428142
0.577741
0.481482
0.437582
0.220593
0.584668
0.343187
0.541416
0.511230
0.319805
0.244127
0.310043
0.158325
0.522409
0.589085
0.394053
0.318538
0.207032
0.490675
0.509311
0.148658
0.485119
0.512874
0.100354
0.123029
0.295139
0.626485
0.302689
0.108745
0.349081
0.273456
0.695127
0.337591
0.122905
0.584905
0.520732
0.376935
0.375229
0.316754
0.188751
0.674467
0.444110
0.285128
0.410099
0.234342
0.163906
0.317831
0.494159
0.698125
0.435138
0.433253
0.164849
0.103314
0.402919
0.358518
0.391693
0.416448
0.283055
0.110395
0.489314
0.309626
0.240451
0.264684
0.519713
0.326856
0.560640
0.699263
0.651238
0.345431
0.643315
0.108321
0.173966
0.214562
0.272603
0.667519
0.560389
0.258982
0.675667
0.203129
0.449517
0.214754
0.656879
0.192524
0.339803
0.159442
0.603178
0.337854
0.176098
0.610715
0.107948
0.602139
0.562344
0.575856
0.345110
0.136196
0.187942
0.251848
0.157929
0.390722
0.323503
0.224871
0.534902
0.496798
0.582939
0.515051
0.644151
0.106706
0.255769
0.108059
0.473337
0.591949
0.252153
0.126813
0.691910
0.125094
0.692417
0.460052
0.304670
0.295268
0.605514
0.168225
0.535660
0.459258
0.122827
0.559889
0.234849
0.320034
0.307524
0.653443
0.606962
0.428429
0.455835
0.545278
0.564096
0.575326
0.328721
0.518255
0.464145
0.570636
0.555157
0.505989
0.213654
0.404392
0.397432
0.339924
0.385221
0.501570
0.325146
0.202925
0.315329
0.550826
0.159453
0.555500
0.453138
0.582829
0.507608
0.273155
0.487233
0.528004
0.325827
0.213196
0.654818
0.465173
0.585658
0.626832
0.419715
0.456395
0.687256
0.377521
0.602329
0.616975
0.428463
0.432113
0.246974
0.683394
0.228736
0.607382
0.180648
0.439845
0.132577
0.318194
0.131218
0.176887
0.306162
0.667894
0.313692
0.651797
0.575318
0.386003
0.383908
0.125947
0.623047
0.330828
0.498334
0.650867
0.507559
0.481131
0.581710
0.440512
0.689121
0.566427
0.596899
0.193766
0.549356
0.603617
0.688472
0.393254
0.478113
0.265906
0.403098
0.678213
0.287206
0.616807
0.190351
0.462870
0.126668
0.268957
0.297424
0.569008
0.507823
0.263428
0.690264
0.112077
0.661296
0.608546
0.443831
0.603538
0.451026
0.559627
0.137304
0.247851
0.229576
0.285139
0.121183
0.675748
0.595915
0.435234
0.687854
0.230866
0.651077
0.177558
0.262731
0.456071
0.583323
0.233859
0.477841
0.231294
0.365613
0.689079
0.541118
0.369070
0.468859
0.540595
0.306173
0.564312
0.489789
0.618865
0.358024
0.195557
0.226689
0.219738
0.586782
0.217250
0.462199
0.540744
0.460353
0.237889
0.650823
0.214951
0.215451
0.336083
0.639347
0.425970
0.341610
0.188394
0.616871
0.184828
0.675756
0.493851
0.391686
0.648439
0.276269
0.493260
0.500242
0.566944
0.397708
0.544659
0.440703
0.172987
0.257133
0.382644
0.249733
0.185837
0.541271
0.686639
0.294957
0.426014
0.572217
0.319427
0.395059
0.353811
0.312437
0.667823
0.424395
0.349055
0.608026
0.307865
0.608972
0.102911
0.450860
0.434451
0.368030
0.436314
0.616878
0.205585
0.635022
0.458616
0.198265
0.327691
0.385334
0.112183
0.525750
0.614525
0.515708
0.273050
0.165010
0.292221
0.204581
0.162492
0.103215
0.432277
0.643891
0.616545
0.275399
0.467225
0.473352
0.356765
0.276022
0.379143
0.363745
0.159298
0.145020
0.469755
0.557559
0.249549
0.537222
0.493479
0.513545
0.172479
0.613672
0.552532
0.369832
0.220057
0.470125
0.408984
0.590639
0.330544
0.520571
0.453256
0.155540
0.321996
0.434098
0.393456
0.205349
0.242995
0.335492
0.373363
0.444184
0.157687
